53|4,276,888|10 Sep 2026
54|4,247,888|26 Aug 2026
88|4,000,000|03 Aug 2026
123|5,944,524|20 Jul 2026
166|5,394,888|05 Jun 2026
124|5,450,000|04 Jun 2026
244|3,750,888|13 May 2026
186|5,451,888|22 Apr 2026
199|5,757,888|17 Apr 2026
286|3,900,000|31 Mar 2026
87|4,451,888|10 Mar 2026
312|2,361,220|25 Feb 2026
321|4,250,000|25 Feb 2026
231|4,700,000|13 Feb 2026
41|4,600,000|09 Feb 2026
128|4,850,000|09 Feb 2026
49|4,655,000|05 Feb 2026
15|4,500,000|02 Feb 2026
127|4,850,000|07 Jan 2026
105|6,800,000|22 Dec 2025
126|4,725,000|11 Dec 2025
103|6,100,000|10 Dec 2025
213|4,675,000|10 Dec 2025
154|4,875,000|10 Dec 2025
104|6,300,000|25 Nov 2025
150|4,600,000|27 Oct 2025
218|4,248,888|24 Oct 2025
153|4,900,000|24 Oct 2025
175|6,235,888|22 Oct 2025
177|6,000,000|30 Sep 2025
28|4,500,000|22 Sep 2025
194|5,750,000|11 Sep 2025
246|4,200,000|18 Aug 2025
19|4,250,000|04 Aug 2025
111|4,725,000|21 Jul 2025
157|4,900,000|21 Jul 2025
99|4,800,000|15 Jul 2025
224|4,331,888|09 Jul 2025
31|4,500,000|20 May 2025
131|4,780,000|15 May 2025
118|5,062,000|08 May 2025
105|7,000,000|07 May 2025
301|3,891,564|05 May 2025
321|3,880,000|24 Apr 2025
117|5,050,000|23 Apr 2025
193|5,165,990|21 Apr 2025
151|4,650,100|10 Apr 2025
11|5,400,000|18 Mar 2025
207|5,400,000|04 Mar 2025
293|3,601,888|12 Feb 2025