483|5,050,000|28 Sep 2026
484|5,050,000|23 Sep 2026
478|5,000,000|22 Sep 2026
174|3,900,000|14 Sep 2026
67|4,150,000|09 Sep 2026
295|4,000,000|31 Aug 2026
358|3,820,000|24 Aug 2026
80|3,700,000|13 Aug 2026
328|3,950,000|14 Jul 2026
341|3,800,000|14 Jul 2026
321|4,000,000|13 Jul 2026
357|3,750,000|03 Jul 2026
370|3,800,000|24 Jun 2026
290|3,950,000|24 Jun 2026
284|3,750,000|19 Jun 2026
311|4,000,000|17 Jun 2026
131|3,800,000|12 Jun 2026
204|4,660,000|02 Jun 2026
283|3,500,000|02 Jun 2026
312|3,875,000|20 May 2026
315|3,700,000|08 May 2026
175|3,515,000|07 May 2026
135|3,550,000|16 Apr 2026
305|4,050,000|02 Apr 2026
314|4,150,000|18 Mar 2026
450|5,450,000|23 Feb 2026
313|4,150,000|13 Feb 2026
367|4,125,000|12 Feb 2026
146|1,656,444|29 Jan 2026
259|4,275,000|30 Dec 2025
138|4,045,000|25 Dec 2025
302|4,100,000|12 Dec 2025
82|4,175,000|10 Dec 2025
309|4,350,000|26 Nov 2025
383|4,100,000|24 Nov 2025
222|5,400,000|20 Nov 2025
324|4,100,000|17 Nov 2025
456|4,900,000|12 Nov 2025
77|4,300,000|09 Nov 2025
431|3,550,000|05 Nov 2025
276|4,080,000|29 Oct 2025
97|4,400,000|28 Oct 2025
412|3,450,000|21 Oct 2025
263|4,050,000|13 Oct 2025
364|4,050,000|08 Oct 2025
93|4,250,000|06 Oct 2025
256|5,000,000|03 Oct 2025
172|4,050,000|29 Sep 2025
140|3,970,000|22 Sep 2025
390|3,950,000|08 Sep 2025
121|4,050,000|29 Aug 2025
450|4,950,000|28 Aug 2025
85|3,950,000|27 Aug 2025
110|4,000,000|27 Aug 2025
60|3,630,000|25 Aug 2025
465|4,754,888|21 Aug 2025
466|4,706,888|21 Aug 2025
84|3,975,000|19 Aug 2025
78|1,714,944|04 Aug 2025
70|1,670,444|04 Aug 2025
370|4,050,000|30 Jul 2025
39|3,414,036|18 Jul 2025
386|4,050,000|18 Jun 2025
246|5,025,000|12 Jun 2025
83|3,850,000|11 Jun 2025
230|4,880,000|11 Jun 2025
252|5,000,000|03 Jun 2025
273|3,950,000|27 May 2025
270|3,850,000|19 May 2025
271|4,200,000|18 May 2025
238|5,060,000|15 May 2025
208|5,072,128|12 May 2025
153|4,020,000|08 May 2025
135|3,875,000|07 May 2025
91|4,200,000|06 May 2025
118|4,100,000|29 Apr 2025
255|4,800,000|28 Apr 2025
455|5,000,000|22 Apr 2025
89|4,000,000|15 Apr 2025
267|4,000,000|10 Apr 2025
112|3,950,000|09 Apr 2025
87|3,950,000|08 Apr 2025
32|3,500,000|28 Mar 2025
411|3,400,000|27 Mar 2025
356|4,020,000|27 Mar 2025
408|3,400,000|20 Mar 2025
228|4,900,000|20 Mar 2025
375|3,850,000|20 Mar 2025
388|3,770,000|18 Mar 2025
84|3,750,000|18 Mar 2025
457|5,000,000|14 Mar 2025
336|3,725,000|13 Mar 2025
143|4,944,652|12 Mar 2025
10|3,865,000|11 Mar 2025
207|4,700,000|07 Mar 2025
450|4,930,000|28 Feb 2025
95|3,890,000|27 Feb 2025
407|3,500,000|26 Feb 2025
469|4,800,000|26 Feb 2025
141|3,800,000|25 Feb 2025
98|4,175,000|25 Feb 2025
234|5,000,000|24 Feb 2025
181|3,800,000|19 Feb 2025
237|4,780,000|06 Feb 2025
445|4,725,000|04 Feb 2025
424|3,150,000|30 Jan 2025
423|3,150,000|30 Jan 2025
233|5,000,000|27 Jan 2025
272|3,835,000|16 Jan 2025